Date,AAPL,AMZN,GOOGL,META,MSFT,NVDA
2025-01-02,242.98741149902344,220.22000122070312,188.81443786621094,597.8435668945312,416.2925109863281,138.27987670898438
2025-01-03,242.49916076660156,224.19000244140625,191.166748046875,603.220947265625,421.0364685058594,144.43853759765625
2025-01-06,244.1333465576172,227.61000061035156,196.23025512695312,628.7313842773438,425.5118713378906,149.39744567871094
2025-01-07,241.3532257080078,222.11000061035156,194.85475158691406,616.4500732421875,420.0617980957031,140.10946655273438
2025-01-08,241.84149169921875,222.1300048828125,193.3197479248047,609.2967529296875,422.2398376464844,140.07948303222656
2025-01-10,236.01219177246094,218.94000244140625,191.4159393310547,614.4248046875,416.6604919433594,135.8804168701172
2025-01-13,233.5708465576172,218.4600067138672,190.3892822265625,606.912353515625,414.9101257324219,133.20098876953125
2025-01-14,232.45480346679688,217.75999450683594,189.04367065429688,592.8651123046875,413.3984375,131.73129272460938
2025-01-15,237.028564453125,223.35000610351562,194.91453552246094,615.6818237304688,423.98028564453125,136.21034240722656
2025-01-16,227.4525604248047,220.66000366210938,192.2831268310547,609.8754272460938,422.25970458984375,133.54090881347656
2025-01-17,229.1664581298828,225.94000244140625,195.36306762695312,611.342041015625,426.6854248046875,137.6800079345703
2025-01-21,221.85243225097656,230.7100067138672,197.4064178466797,615.0234375,426.1583251953125,140.79933166503906
2025-01-22,223.03823852539062,235.00999450683594,197.72537231445312,622.0469970703125,443.7616271972656,147.03799438476562
2025-01-23,222.86883544921875,235.4199981689453,197.33665466308594,634.966796875,444.2687683105469,147.1879425048828
2025-01-24,221.991943359375,234.85000610351562,199.5594024658203,645.9811401367188,441.63330078125,142.58892822265625
2025-01-27,229.04690551757812,235.4199981689453,191.1866912841797,658.3422241210938,432.1851806640625,118.39421081542969
2025-01-28,237.4171905517578,238.14999389648438,194.6653594970703,672.758544921875,444.7561340332031,128.9619140625
2025-01-29,238.5133056640625,237.07000732421875,194.77499389648438,674.9135131835938,439.9126892089844,123.67305755615234
2025-01-30,236.7495574951172,234.63999938964844,200.21725463867188,685.3990478515625,412.7221374511719,124.62286376953125
2025-01-31,235.16519165039062,237.67999267578125,203.3570098876953,687.573974609375,412.7917785644531,120.04385375976562
2025-02-03,227.2034454345703,237.4199981689453,200.57606506347656,695.8345947265625,408.67437744140625,116.63459777832031
2025-02-04,231.97650146484375,242.05999755859375,205.70936584472656,702.5489501953125,410.116455078125,118.62416076660156
2025-02-05,231.64767456054688,236.1699981689453,190.708251953125,703.2274169921875,411.0314636230469,124.80281066894531
2025-02-06,232.39501953125,238.8300018310547,190.97738647460938,710.3307495117188,413.547607421875,128.65194702148438
2025-02-07,226.82479858398438,229.14999389648438,184.73770141601562,712.8548583984375,407.5107727050781,129.8117218017578
2025-02-10,227.0941162109375,233.13999938964844,185.86404418945312,715.7281494140625,409.96728515625,133.54090881347656
2025-02-11,232.052001953125,232.75999450683594,184.71778869628906,718.12255859375,409.1915283203125,132.77108764648438
2025-02-12,236.29161071777344,228.92999267578125,183.01333618164062,723.6895751953125,406.8046569824219,131.11143493652344
2025-02-13,240.94024658203125,230.3699951171875,185.5351104736328,726.8621826171875,408.2964782714844,135.26052856445312
2025-02-14,244.00274658203125,228.67999267578125,184.62806701660156,734.9532470703125,406.1979675292969,138.81976318359375
2025-02-18,243.87306213378906,226.64999389648438,183.17283630371094,714.7005615234375,407.4013977050781,139.36964416503906
2025-02-19,244.27207946777344,226.6300048828125,184.66795349121094,702.1300048828125,412.50335693359375,139.19967651367188
2025-02-20,245.229736328125,222.8800048828125,183.9602508544922,693.220703125,414.6857604980469,140.07948303222656
2025-02-21,244.95042419433594,216.5800018310547,179.07618713378906,681.9570922851562,406.793212890625,134.4007110595703
2025-02-24,246.49664306640625,212.7100067138672,178.6675262451172,666.572998046875,402.59783935546875,130.2516326904297
2025-02-25,246.43678283691406,212.8000030517578,174.84996032714844,655.9677734375,396.5190124511719,126.60242462158203
2025-02-26,239.77308654785156,214.35000610351562,172.16868591308594,672.1300048828125,398.3426818847656,131.2514190673828
2025-02-27,236.72056579589844,208.74000549316406,167.9524383544922,656.7059936523438,391.1676330566406,120.12384033203125
2025-02-28,241.24948120117188,212.27999877929688,169.72665405273438,666.642822265625,395.6121520996094,124.89279174804688
2025-03-03,237.4487762451172,205.02000427246094,166.46726989746094,653.5234985351562,387.14166259765625,114.03515625
2025-03-04,235.35391235351562,203.8000030517578,170.36456298828125,638.508544921875,387.26123046875,115.96473693847656
2025-03-05,235.1643829345703,208.36000061035156,172.457763671875,654.940185546875,399.628173828125,117.27445220947266
2025-03-06,234.75538635253906,200.6999969482422,171.78994750976562,626.4666137695312,395.5125427246094,110.5459213256836
2025-03-07,238.4862518310547,199.25,173.29501342773438,624.201904296875,391.9449462890625,112.66545867919922
2025-03-10,226.92454528808594,194.5399932861328,165.52139282226562,596.596435546875,378.840576171875,106.95670318603516
2025-03-11,220.30076599121094,196.58999633789062,163.6952362060547,604.2985229492188,379.1296081542969,108.73631286621094
2025-03-12,216.45018005371094,198.88999938964844,166.75880432128906,618.1162109375,381.9397888183594,115.7254409790039
2025-03-13,209.1680145263672,193.88999938964844,162.4179229736328,589.2636108398438,377.45538330078125,115.56546020507812
2025-03-14,212.96871948242188,197.9499969482422,165.14219665527344,606.7233276367188,387.21142578125,121.65469360351562
2025-03-17,213.4774627685547,195.74000549316406,163.94471740722656,604.0272827148438,387.3509521484375,119.51496124267578
2025-03-18,212.170654296875,192.82000732421875,160.33233642578125,581.5197143554688,382.1889343261719,115.41547393798828
2025-03-19,214.7144317626953,195.5399932861328,163.54556274414062,583.2173461914062,386.4739990234375,117.50520324707031
2025-03-20,213.5772247314453,194.9499969482422,162.45785522460938,585.1544799804688,385.4974060058594,118.51508331298828
2025-03-21,217.73703002929688,196.2100067138672,163.64535522460938,595.3897094726562,389.9020690917969,117.68518829345703
2025-03-24,220.19102478027344,203.25999450683594,167.3275909423828,617.9570922851562,391.7157287597656,121.39472961425781
2025-03-25,223.2036590576172,205.7100067138672,170.20155334472656,625.4063720703125,393.7885437011719,120.67481994628906
2025-03-26,220.9890594482422,201.1300048828125,164.71310424804688,610.0984497070312,388.6165466308594,113.74568939208984
2025-03-27,223.30340576171875,201.36000061035156,161.89903259277344,601.7105712890625,389.2243957519531,111.41597747802734
2025-03-28,217.36793518066406,192.72000122070312,154.00564575195312,575.9078369140625,377.48529052734375,109.65619659423828
2025-03-31,221.58761596679688,190.25999450683594,154.31500244140625,575.5284423828125,374.087158203125,108.36636352539062
2025-04-01,222.64501953125,192.1699981689453,156.7399139404297,585.1544799804688,380.863525390625,110.13614654541016
2025-04-02,223.3433074951172,196.00999450683594,156.70994567871094,583.0874633789062,380.813720703125,110.4061050415039
2025-04-03,202.69386291503906,178.41000366210938,150.40322875976562,530.8529663085938,371.8150329589844,101.78720092773438
2025-04-04,187.92002868652344,171.0,145.29400634765625,504.00177001953125,358.5910949707031,94.29813385009766
2025-04-07,181.0169219970703,175.25999450683594,146.44158935546875,515.505126953125,356.61798095703125,97.6277084350586
2025-04-08,171.99899291992188,170.66000366210938,144.39588928222656,509.7135314941406,353.3294372558594,96.28788757324219
2025-04-09,198.3644561767578,191.10000610351562,158.37646484375,584.9248657226562,389.1347351074219,114.31561279296875
2025-04-10,189.95504760742188,181.22000122070312,152.4988250732422,545.5018310546875,380.0264587402344,107.55646514892578
2025-04-11,197.66615295410156,184.8699951171875,156.8097381591797,542.7857666015625,387.101806640625,110.9160385131836
2025-04-14,202.02549743652344,182.1199951171875,158.73568725585938,530.713134765625,386.4640197753906,110.6960678100586
2025-04-15,201.64642333984375,179.58999633789062,155.9814910888672,520.767578125,384.3912658691406,112.18588256835938
2025-04-16,193.79563903808594,174.3300018310547,153.0077667236328,501.58526611328125,370.32025146484375,104.47685241699219
2025-04-17,196.4990234375,172.61000061035156,150.84231567382812,500.7564697265625,366.5035400390625,101.47722625732422
2025-04-21,192.68833923339844,167.32000732421875,147.35964965820312,483.9607238769531,357.87359619140625,96.89781188964844
2025-04-22,199.25228881835938,173.17999267578125,151.15167236328125,499.5581970214844,365.5469055175781,98.87755584716797
2025-04-23,204.10043334960938,180.60000610351562,155.0235137939453,519.5193481445312,373.09063720703125,102.69707489013672
2025-04-24,207.8612060546875,186.5399932861328,158.94525146484375,532.3807983398438,385.9557800292969,106.4166030883789
2025-04-25,208.76898193359375,188.99000549316406,161.61961364746094,546.4804077148438,390.4900207519531,110.99604034423828
2025-04-28,209.62689208984375,187.6999969482422,160.27244567871094,548.9468383789062,389.80242919921875,108.71631622314453
2025-04-29,210.69427490234375,187.38999938964844,159.8234100341797,553.6400756835938,392.67242431640625,109.00627899169922
2025-04-30,211.9811248779297,184.4199981689453,158.4662628173828,548.2078857421875,393.88818359375,108.90629577636719
2025-05-01,212.79913330078125,190.1999969482422,160.9610137939453,571.3843994140625,423.9235534667969,111.59595489501953
2025-05-02,204.8485870361328,189.97999572753906,163.68527221679688,596.15869140625,433.769287109375,114.485595703125
2025-05-05,198.40435791015625,186.35000610351562,163.86488342285156,598.4053955078125,434.65618896484375,113.80567932128906
2025-05-06,198.0252685546875,185.00999450683594,162.88694763183594,586.462646484375,431.8061218261719,113.52571868896484
2025-05-07,195.7707977294922,188.7100067138672,151.06185913085938,595.9489135742188,431.8459777832031,117.04527282714844
2025-05-08,197.00778198242188,192.0800018310547,153.95574951171875,597.147216796875,436.6492614746094,117.35523986816406
2025-05-09,198.0452423095703,193.05999755859375,152.42898559570312,591.6351928710938,437.2073059082031,116.63532257080078
2025-05-12,210.55104064941406,208.63999938964844,158.12698364257812,638.5073852539062,447.7007751464844,122.98452758789062
2025-05-13,212.68861389160156,211.3699951171875,159.19473266601562,655.08349609375,447.5812072753906,129.9136505126953
2025-05-14,212.08929443359375,210.25,165.02244567871094,658.4086303710938,451.36798095703125,135.32296752929688
2025-05-15,211.21029663085938,205.1699981689453,163.61541748046875,642.9509887695312,452.3863220214844,134.8130340576172
2025-05-16,211.0205078125,205.58999633789062,165.84072875976562,639.4161376953125,453.5244445800781,135.38296508789062
2025-05-19,208.54331970214844,206.16000366210938,166.1899871826172,639.5059814453125,458.11688232421875,135.55294799804688
2025-05-20,206.62550354003906,204.07000732421875,163.63536071777344,636.1807861328125,457.4180603027344,134.36309814453125
2025-05-21,201.86090087890625,201.1199951171875,168.20574951171875,634.5831298828125,451.8272399902344,131.78341674804688
2025-05-22,201.13172912597656,203.10000610351562,170.51087951660156,635.6515502929688,454.11346435546875,132.81329345703125
2025-05-23,195.04864501953125,200.99000549316406,168.11593627929688,626.1552734375,449.441162109375,131.2734832763672
2025-05-27,199.98304748535156,206.02000427246094,172.53662109375,641.3932495117188,459.93389892578125,135.48294067382812
2025-05-28,200.1927947998047,204.72000122070312,171.9977569580078,642.6514282226562,456.609375,134.7930450439453
2025-05-29,199.72332763671875,205.6999969482422,171.49880981445312,644.1193237304688,457.9272155761719,139.17250061035156
2025-05-30,200.622314453125,205.00999450683594,171.37905883789062,646.5557861328125,459.60443115234375,135.11300659179688
2025-06-02,201.47134399414062,206.64999389648438,168.6747589111328,669.9320678710938,461.2118225097656,137.3627166748047
2025-06-03,203.03956604003906,205.7100067138672,165.8307342529297,665.8878173828125,462.2101745605469,141.2022247314453
2025-06-04,202.590087890625,207.22999572753906,167.6968231201172,686.9573974609375,463.1086730957031,141.9021453857422
2025-06-05,200.40257263183594,207.91000366210938,167.8564910888672,683.6322021484375,466.91241455078125,139.97239685058594
2025-06-06,203.68882751464844,213.57000732421875,173.3149871826172,696.703369140625,469.6080017089844,141.70216369628906
2025-06-09,201.2216339111328,216.97999572753906,175.93264770507812,693.05859375,471.97412109375,142.612060546875
2025-06-10,202.44024658203125,217.61000061035156,178.44041442871094,701.3865966796875,470.1471252441406,143.94189453125
2025-06-11,198.55465698242188,213.1999969482422,177.1915283203125,693.1384887695312,471.8443298339844,142.8219451904297
2025-06-12,198.97418212890625,213.24000549316406,175.54299926757812,692.359619140625,478.0840759277344,144.9918212890625
2025-06-13,196.227294921875,212.10000610351562,174.513916015625,681.884765625,474.18048095703125,141.9619903564453
2025-06-16,198.195068359375,216.10000610351562,176.61204528808594,701.6464233398438,478.3536376953125,144.6818389892578
2025-06-17,195.418212890625,214.82000732421875,175.7927703857422,696.7597045898438,477.25543212890625,144.1118621826172
2025-06-18,196.35714721679688,212.52000427246094,173.16513061523438,695.3007202148438,479.4518127441406,145.47178649902344
2025-06-20,200.7721405029297,209.69000244140625,166.4910888671875,681.8897094726562,476.6164855957031,143.84188842773438
2025-06-23,201.27157592773438,208.47000122070312,165.04238891601562,698.0588989257812,485.2023620605469,144.161865234375
2025-06-24,200.07293701171875,212.77000427246094,166.62098693847656,711.7196655273438,489.30560302734375,147.8916473388672
2025-06-25,201.33151245117188,211.99000549316406,170.52748107910156,708.2020263671875,491.4620666503906,154.30130004882812
2025-06-26,200.7721405029297,217.1199951171875,173.38491821289062,725.6002807617188,496.6335754394531,155.01126098632812
2025-06-27,200.85205078125,223.3000030517578,178.37046813964844,733.1351928710938,495.1260681152344,157.74110412597656
2025-06-30,204.93740844726562,219.38999938964844,176.07252502441406,737.5922241210938,496.5936584472656,157.98109436035156
2025-07-01,207.58441162109375,220.4600067138672,175.682861328125,718.73486328125,491.242431640625,153.29136657714844
2025-07-02,212.1991729736328,219.9199981689453,178.48036193847656,713.0886840820312,490.2840270996094,157.2411346435547
2025-07-03,213.30792236328125,223.41000366210938,179.36956787109375,718.5250244140625,498.02130126953125,159.3310089111328
2025-07-07,209.7119903564453,223.47000122070312,176.63201904296875,717.865478515625,496.90313720703125,158.2310791015625
2025-07-08,209.7719268798828,219.36000061035156,174.20419311523438,720.1838989257812,495.804931640625,159.99098205566406
2025-07-09,210.90065002441406,222.5399932861328,176.46217346191406,732.2857666015625,502.68365478515625,162.87081909179688
2025-07-10,212.16920471191406,222.25999450683594,177.46127319335938,726.7494506835938,500.656982421875,164.09075927734375
2025-07-11,210.92062377929688,225.02000427246094,180.02899169921875,717.0260620117188,502.49395751953125,164.91070556640625
2025-07-14,208.3834991455078,225.69000244140625,181.3977508544922,720.4337158203125,502.1944274902344,164.06076049804688
2025-07-15,208.87295532226562,226.35000610351562,181.83737182617188,709.910888671875,504.9898376464844,170.69036865234375
2025-07-16,209.92176818847656,223.19000244140625,182.80650329589844,702.4358520507812,504.7901611328125,171.36033630371094
2025-07-17,209.78192138671875,223.8800048828125,183.41595458984375,700.9368896484375,510.8601989746094,172.99024963378906
2025-07-18,210.9405975341797,226.1300048828125,184.89462280273438,703.8049926757812,509.212890625,172.40028381347656
2025-07-21,212.23912048339844,229.3000030517578,189.9301300048828,712.4890747070312,509.2228698730469,171.37034606933594
2025-07-22,214.15695190429688,227.47000122070312,191.1690216064453,704.3345947265625,504.44073486328125,167.0205841064453
2025-07-23,213.9072265625,228.2899932861328,190.0600128173828,713.0986938476562,505.0397644042969,170.77037048339844
2025-07-24,213.51766967773438,232.22999572753906,191.99827575683594,714.31787109375,510.0415344238281,173.73020935058594
2025-07-25,213.63754272460938,231.44000244140625,193.0073699951172,712.1992797851562,512.866943359375,173.49021911621094
2025-07-28,213.80735778808594,232.7899932861328,192.4079132080078,717.14599609375,511.65887451171875,176.7400360107422
2025-07-29,211.03050231933594,231.00999450683594,195.5750732421875,699.52783203125,511.728759765625,175.50009155273438
2025-07-30,208.81301879882812,230.19000244140625,196.35438537597656,694.7410888671875,512.3976440429688,179.25990295410156
2025-07-31,207.33470153808594,234.11000061035156,191.728515625,772.9183349609375,532.6243896484375,177.85997009277344
2025-08-01,202.1505889892578,214.75,188.96099853515625,749.504150390625,523.2498168945312,173.710205078125
2025-08-04,203.11949157714844,211.64999389648438,194.86570739746094,775.8463745117188,534.7609252929688,179.98985290527344
2025-08-05,202.68995666503906,213.75,194.4960479736328,762.945068359375,526.8838500976562,178.24993896484375
2025-08-06,213.0082550048828,222.30999755859375,195.91476440429688,771.4692993164062,524.0784912109375,179.40988159179688
2025-08-07,219.7805633544922,223.1300048828125,196.34439086914062,761.316162109375,519.9852294921875,180.7598114013672
2025-08-08,229.0900115966797,222.69000244140625,201.24000549316406,768.7811279296875,521.1832275390625,182.689697265625
2025-08-11,227.17999267578125,221.3000030517578,200.8203887939453,765.3534545898438,520.9136962890625,182.0497283935547
2025-08-12,229.64999389648438,221.47000122070312,203.15829467773438,789.4671630859375,528.3713989257812,183.14967346191406
2025-08-13,233.3300018310547,224.55999755859375,201.779541015625,779.5538940429688,519.7256469726562,181.5797576904297
2025-08-14,232.77999877929688,230.97999572753906,202.75865173339844,781.6024780273438,521.6224975585938,182.00973510742188
2025-08-15,231.58999633789062,231.02999877929688,203.71778869628906,784.7003784179688,519.3162841796875,180.4398193359375
2025-08-18,230.88999938964844,231.49000549316406,203.3181610107422,766.8524169921875,516.2512817382812,181.99972534179688
2025-08-19,230.55999755859375,228.00999450683594,201.389892578125,750.97314453125,508.933349609375,175.63009643554688
2025-08-20,226.00999450683594,223.80999755859375,199.1418914794922,747.2156372070312,504.8900146484375,175.39010620117188
2025-08-21,224.89999389648438,221.9499969482422,199.57150268554688,738.6014404296875,504.239990234375,174.97012329101562
2025-08-22,227.75999450683594,228.83999633789062,205.9058380126953,754.2808837890625,507.2300109863281,177.97996520996094
2025-08-25,227.16000366210938,227.94000244140625,208.30369567871094,752.7918701171875,504.260009765625,179.79986572265625
2025-08-26,229.30999755859375,228.7100067138672,206.95489501953125,753.5913696289062,502.0400085449219,181.75975036621094
2025-08-27,230.49000549316406,229.1199951171875,207.29458618164062,746.8759155273438,506.739990234375,181.5897674560547
2025-08-28,232.55999755859375,231.60000610351562,211.4508819580078,750.6033935546875,509.6400146484375,180.1598358154297
2025-08-29,232.13999938964844,229.0,212.71974182128906,738.2017822265625,506.69000244140625,174.170166015625
2025-09-02,229.72000122070312,225.33999633789062,211.16114807128906,734.6141357421875,505.1199951171875,170.77037048339844
2025-09-03,238.47000122070312,225.99000549316406,230.45388793945312,736.5528564453125,505.3500061035156,170.61038208007812
2025-09-04,239.77999877929688,235.67999267578125,232.09242248535156,748.1450805664062,507.9700012207031,171.65032958984375
2025-09-05,239.69000244140625,232.3300018310547,234.79000854492188,751.9425048828125,495.0,167.01058959960938
2025-09-08,237.8800048828125,235.83999633789062,234.0399932861328,751.7925415039062,498.20001220703125,168.30050659179688
2025-09-09,234.35000610351562,238.24000549316406,239.6300048828125,765.1835327148438,498.4100036621094,170.7503662109375
2025-09-10,226.7899932861328,230.3300018310547,239.1699981689453,751.4727783203125,500.3699951171875,177.32000732421875
2025-09-11,230.02999877929688,229.9499969482422,240.3699951171875,750.3935546875,501.010009765625,177.1699981689453
2025-09-12,234.07000732421875,228.14999389648438,240.8000030517578,755.0803833007812,509.8999938964844,177.82000732421875
2025-09-15,236.6999969482422,231.42999267578125,251.61000061035156,764.1842041015625,515.3599853515625,177.75
2025-09-16,238.14999389648438,234.0500030517578,251.16000366210938,778.4745483398438,509.0400085449219,174.8800048828125
2025-09-17,238.99000549316406,231.6199951171875,249.52999877929688,775.19677734375,510.0199890136719,170.2899932861328
2025-09-18,237.8800048828125,231.22999572753906,252.02999877929688,779.7237548828125,508.45001220703125,176.24000549316406
2025-09-19,245.5,231.47999572753906,254.72000122070312,777.85498046875,517.9299926757812,176.6699981689453
2025-09-22,256.0799865722656,227.6300048828125,252.52999877929688,765.1599731445312,514.4500122070312,183.61000061035156
2025-09-23,254.42999267578125,220.7100067138672,251.66000366210938,755.4000244140625,509.2300109863281,178.42999267578125
2025-09-24,252.30999755859375,220.2100067138672,247.13999938964844,760.6599731445312,510.1499938964844,176.97000122070312
2025-09-25,256.8699951171875,218.14999389648438,245.7899932861328,748.9099731445312,507.0299987792969,177.69000244140625
2025-09-26,255.4600067138672,219.77999877929688,246.5399932861328,743.75,511.4599914550781,178.19000244140625
2025-09-29,254.42999267578125,222.1699981689453,244.0500030517578,743.4000244140625,514.5999755859375,181.85000610351562
2025-09-30,254.6300048828125,219.57000732421875,243.10000610351562,734.3800048828125,517.9500122070312,186.5800018310547
2025-10-01,255.4499969482422,220.6300048828125,244.89999389648438,717.3400268554688,519.7100219726562,187.24000549316406
2025-10-02,257.1300048828125,222.41000366210938,245.69000244140625,727.0499877929688,515.739990234375,188.88999938964844
2025-10-03,258.0199890136719,219.50999450683594,245.35000610351562,710.5599975585938,517.3499755859375,187.6199951171875
2025-10-06,256.69000244140625,220.89999389648438,250.42999267578125,715.6599731445312,528.5700073242188,185.5399932861328
2025-10-07,256.4800109863281,221.77999877929688,245.75999450683594,713.0800170898438,523.97998046875,185.0399932861328
2025-10-08,258.05999755859375,225.22000122070312,244.6199951171875,717.8400268554688,524.8499755859375,189.11000061035156
2025-10-09,254.0399932861328,227.74000549316406,241.52999877929688,733.510009765625,522.4000244140625,192.57000732421875
2025-10-10,245.27000427246094,216.3699951171875,236.57000732421875,705.2999877929688,510.9599914550781,183.16000366210938
2025-10-13,247.66000366210938,220.07000732421875,244.14999389648438,715.7000122070312,514.0499877929688,188.32000732421875
2025-10-14,247.77000427246094,216.38999938964844,245.4499969482422,708.6500244140625,513.5700073242188,180.02999877929688
2025-10-15,249.33999633789062,215.57000732421875,251.02999877929688,717.5499877929688,513.4299926757812,179.8300018310547
2025-10-16,247.4499969482422,214.47000122070312,251.4600067138672,712.0700073242188,511.6099853515625,181.80999755859375
2025-10-17,252.2899932861328,213.0399932861328,253.3000030517578,716.9199829101562,513.5800170898438,183.22000122070312
2025-10-20,262.239990234375,216.47999572753906,256.54998779296875,732.1699829101562,516.7899780273438,182.63999938964844
2025-10-21,262.7699890136719,222.02999877929688,250.4600067138672,733.27001953125,517.6599731445312,181.16000366210938
2025-10-22,258.45001220703125,217.9499969482422,251.69000244140625,733.4099731445312,520.5399780273438,180.27999877929688
2025-10-23,259.5799865722656,221.08999633789062,253.0800018310547,734.0,520.5599975585938,182.16000366210938
2025-10-24,262.82000732421875,224.2100067138672,259.9200134277344,738.3599853515625,523.6099853515625,186.25999450683594
2025-10-27,268.80999755859375,226.97000122070312,269.2699890136719,750.8200073242188,531.52001953125,191.49000549316406
2025-10-28,269.0,229.25,267.4700012207031,751.4400024414062,542.0700073242188,201.02999877929688
2025-10-29,269.70001220703125,230.3000030517578,274.57000732421875,751.6699829101562,541.5499877929688,207.0399932861328
2025-10-30,271.3999938964844,222.86000061035156,281.4800109863281,666.469970703125,525.760009765625,202.88999938964844
2025-10-31,270.3699951171875,244.22000122070312,281.19000244140625,648.3499755859375,517.8099975585938,202.49000549316406
